1
1999 2664 5
1 3 4
1 2 1
1 3 1
2 4 1
3 4 1
4 5 1
4 6 1
5 7 1
6 7 1
7 8 1
7 9 1
8 10 1
9 10 1
10 11 1
10 12 1
11 13 1
12 13 1
13 14 1
13 15 1
14 16 1
15 16 1
16 17 1
16 18 1
17 19 1
18 19 1
19 20 1
19 21 1
20 22 1
21 22 1
22 23 1
22 24 1
23 25 1
24 25 1
25 26 1
25 27 1
26 28 1
27 28 1
28 29 1
28 30 1
29 31 1
30 31 1
31 32 1
31 33 1
32 34 1
33 34 1
34 35 1
34 36 1
35 37 1
36 37 1
37 38 1
37 39 1
38 40 1
39 40 1
40 41 1
40 42 1
41 43 1
42 43 1
43 44 1
43 45 1
44 46 1
45 46 1
46 47 1
46 48 1
47 49 1
48 49 1
49 50 1
49 51 1
50 52 1
51 52 1
52 53 1
52 54 1
53 55 1
54 55 1
55 56 1
55 57 1
56 58 1
57 58 1
58 59 1
58 60 1
59 61 1
60 61 1
61 62 1
61 63 1
62 64 1
63 64 1
64 65 1
64 66 1
65 67 1
66 67 1
67 68 1
67 69 1
68 70 1
69 70 1
70 71 1
70 72 1
71 73 1
72 73 1
73 74 1
73 75 1
74 76 1
75 76 1
76 77 1
76 78 1
77 79 1
78 79 1
79 80 1
79 81 1
80 82 1
81 82 1
82 83 1
82 84 1
83 85 1
84 85 1
85 86 1
85 87 1
86 88 1
87 88 1
88 89 1
88 90 1
89 91 1
90 91 1
91 92 1
91 93 1
92 94 1
93 94 1
94 95 1
94 96 1
95 97 1
96 97 1
97 98 1
97 99 1
98 100 1
99 100 1
100 101 1
100 102 1
101 103 1
102 103 1
103 104 1
103 105 1
104 106 1
105 106 1
106 107 1
106 108 1
107 109 1
108 109 1
109 110 1
109 111 1
110 112 1
111 112 1
112 113 1
112 114 1
113 115 1
114 115 1
115 116 1
115 117 1
116 118 1
117 118 1
118 119 1
118 120 1
119 121 1
120 121 1
121 122 1
121 123 1
122 124 1
123 124 1
124 125 1
124 126 1
125 127 1
126 127 1
127 128 1
127 129 1
128 130 1
129 130 1
130 131 1
130 132 1
131 133 1
132 133 1
133 134 1
133 135 1
134 136 1
135 136 1
136 137 1
136 138 1
137 139 1
138 139 1
139 140 1
139 141 1
140 142 1
141 142 1
142 143 1
142 144 1
143 145 1
144 145 1
145 146 1
145 147 1
146 148 1
147 148 1
148 149 1
148 150 1
149 151 1
150 151 1
151 152 1
151 153 1
152 154 1
153 154 1
154 155 1
154 156 1
155 157 1
156 157 1
157 158 1
157 159 1
158 160 1
159 160 1
160 161 1
160 162 1
161 163 1
162 163 1
163 164 1
163 165 1
164 166 1
165 166 1
166 167 1
166 168 1
167 169 1
168 169 1
169 170 1
169 171 1
170 172 1
171 172 1
172 173 1
172 174 1
173 175 1
174 175 1
175 176 1
175 177 1
176 178 1
177 178 1
178 179 1
178 180 1
179 181 1
180 181 1
181 182 1
181 183 1
182 184 1
183 184 1
184 185 1
184 186 1
185 187 1
186 187 1
187 188 1
187 189 1
188 190 1
189 190 1
190 191 1
190 192 1
191 193 1
192 193 1
193 194 1
193 195 1
194 196 1
195 196 1
196 197 1
196 198 1
197 199 1
198 199 1
199 200 1
199 201 1
200 202 1
201 202 1
202 203 1
202 204 1
203 205 1
204 205 1
205 206 1
205 207 1
206 208 1
207 208 1
208 209 1
208 210 1
209 211 1
210 211 1
211 212 1
211 213 1
212 214 1
213 214 1
214 215 1
214 216 1
215 217 1
216 217 1
217 218 1
217 219 1
218 220 1
219 220 1
220 221 1
220 222 1
221 223 1
222 223 1
223 224 1
223 225 1
224 226 1
225 226 1
226 227 1
226 228 1
227 229 1
228 229 1
229 230 1
229 231 1
230 232 1
231 232 1
232 233 1
232 234 1
233 235 1
234 235 1
235 236 1
235 237 1
236 238 1
237 238 1
238 239 1
238 240 1
239 241 1
240 241 1
241 242 1
241 243 1
242 244 1
243 244 1
244 245 1
244 246 1
245 247 1
246 247 1
247 248 1
247 249 1
248 250 1
249 250 1
250 251 1
250 252 1
251 253 1
252 253 1
253 254 1
253 255 1
254 256 1
255 256 1
256 257 1
256 258 1
257 259 1
258 259 1
259 260 1
259 261 1
260 262 1
261 262 1
262 263 1
262 264 1
263 265 1
264 265 1
265 266 1
265 267 1
266 268 1
267 268 1
268 269 1
268 270 1
269 271 1
270 271 1
271 272 1
271 273 1
272 274 1
273 274 1
274 275 1
274 276 1
275 277 1
276 277 1
277 278 1
277 279 1
278 280 1
279 280 1
280 281 1
280 282 1
281 283 1
282 283 1
283 284 1
283 285 1
284 286 1
285 286 1
286 287 1
286 288 1
287 289 1
288 289 1
289 290 1
289 291 1
290 292 1
291 292 1
292 293 1
292 294 1
293 295 1
294 295 1
295 296 1
295 297 1
296 298 1
297 298 1
298 299 1
298 300 1
299 301 1
300 301 1
301 302 1
301 303 1
302 304 1
303 304 1
304 305 1
304 306 1
305 307 1
306 307 1
307 308 1
307 309 1
308 310 1
309 310 1
310 311 1
310 312 1
311 313 1
312 313 1
313 314 1
313 315 1
314 316 1
315 316 1
316 317 1
316 318 1
317 319 1
318 319 1
319 320 1
319 321 1
320 322 1
321 322 1
322 323 1
322 324 1
323 325 1
324 325 1
325 326 1
325 327 1
326 328 1
327 328 1
328 329 1
328 330 1
329 331 1
330 331 1
331 332 1
331 333 1
332 334 1
333 334 1
334 335 1
334 336 1
335 337 1
336 337 1
337 338 1
337 339 1
338 340 1
339 340 1
340 341 1
340 342 1
341 343 1
342 343 1
343 344 1
343 345 1
344 346 1
345 346 1
346 347 1
346 348 1
347 349 1
348 349 1
349 350 1
349 351 1
350 352 1
351 352 1
352 353 1
352 354 1
353 355 1
354 355 1
355 356 1
355 357 1
356 358 1
357 358 1
358 359 1
358 360 1
359 361 1
360 361 1
361 362 1
361 363 1
362 364 1
363 364 1
364 365 1
364 366 1
365 367 1
366 367 1
367 368 1
367 369 1
368 370 1
369 370 1
370 371 1
370 372 1
371 373 1
372 373 1
373 374 1
373 375 1
374 376 1
375 376 1
376 377 1
376 378 1
377 379 1
378 379 1
379 380 1
379 381 1
380 382 1
381 382 1
382 383 1
382 384 1
383 385 1
384 385 1
385 386 1
385 387 1
386 388 1
387 388 1
388 389 1
388 390 1
389 391 1
390 391 1
391 392 1
391 393 1
392 394 1
393 394 1
394 395 1
394 396 1
395 397 1
396 397 1
397 398 1
397 399 1
398 400 1
399 400 1
400 401 1
400 402 1
401 403 1
402 403 1
403 404 1
403 405 1
404 406 1
405 406 1
406 407 1
406 408 1
407 409 1
408 409 1
409 410 1
409 411 1
410 412 1
411 412 1
412 413 1
412 414 1
413 415 1
414 415 1
415 416 1
415 417 1
416 418 1
417 418 1
418 419 1
418 420 1
419 421 1
420 421 1
421 422 1
421 423 1
422 424 1
423 424 1
424 425 1
424 426 1
425 427 1
426 427 1
427 428 1
427 429 1
428 430 1
429 430 1
430 431 1
430 432 1
431 433 1
432 433 1
433 434 1
433 435 1
434 436 1
435 436 1
436 437 1
436 438 1
437 439 1
438 439 1
439 440 1
439 441 1
440 442 1
441 442 1
442 443 1
442 444 1
443 445 1
444 445 1
445 446 1
445 447 1
446 448 1
447 448 1
448 449 1
448 450 1
449 451 1
450 451 1
451 452 1
451 453 1
452 454 1
453 454 1
454 455 1
454 456 1
455 457 1
456 457 1
457 458 1
457 459 1
458 460 1
459 460 1
460 461 1
460 462 1
461 463 1
462 463 1
463 464 1
463 465 1
464 466 1
465 466 1
466 467 1
466 468 1
467 469 1
468 469 1
469 470 1
469 471 1
470 472 1
471 472 1
472 473 1
472 474 1
473 475 1
474 475 1
475 476 1
475 477 1
476 478 1
477 478 1
478 479 1
478 480 1
479 481 1
480 481 1
481 482 1
481 483 1
482 484 1
483 484 1
484 485 1
484 486 1
485 487 1
486 487 1
487 488 1
487 489 1
488 490 1
489 490 1
490 491 1
490 492 1
491 493 1
492 493 1
493 494 1
493 495 1
494 496 1
495 496 1
496 497 1
496 498 1
497 499 1
498 499 1
499 500 1
499 501 1
500 502 1
501 502 1
502 503 1
502 504 1
503 505 1
504 505 1
505 506 1
505 507 1
506 508 1
507 508 1
508 509 1
508 510 1
509 511 1
510 511 1
511 512 1
511 513 1
512 514 1
513 514 1
514 515 1
514 516 1
515 517 1
516 517 1
517 518 1
517 519 1
518 520 1
519 520 1
520 521 1
520 522 1
521 523 1
522 523 1
523 524 1
523 525 1
524 526 1
525 526 1
526 527 1
526 528 1
527 529 1
528 529 1
529 530 1
529 531 1
530 532 1
531 532 1
532 533 1
532 534 1
533 535 1
534 535 1
535 536 1
535 537 1
536 538 1
537 538 1
538 539 1
538 540 1
539 541 1
540 541 1
541 542 1
541 543 1
542 544 1
543 544 1
544 545 1
544 546 1
545 547 1
546 547 1
547 548 1
547 549 1
548 550 1
549 550 1
550 551 1
550 552 1
551 553 1
552 553 1
553 554 1
553 555 1
554 556 1
555 556 1
556 557 1
556 558 1
557 559 1
558 559 1
559 560 1
559 561 1
560 562 1
561 562 1
562 563 1
562 564 1
563 565 1
564 565 1
565 566 1
565 567 1
566 568 1
567 568 1
568 569 1
568 570 1
569 571 1
570 571 1
571 572 1
571 573 1
572 574 1
573 574 1
574 575 1
574 576 1
575 577 1
576 577 1
577 578 1
577 579 1
578 580 1
579 580 1
580 581 1
580 582 1
581 583 1
582 583 1
583 584 1
583 585 1
584 586 1
585 586 1
586 587 1
586 588 1
587 589 1
588 589 1
589 590 1
589 591 1
590 592 1
591 592 1
592 593 1
592 594 1
593 595 1
594 595 1
595 596 1
595 597 1
596 598 1
597 598 1
598 599 1
598 600 1
599 601 1
600 601 1
601 602 1
601 603 1
602 604 1
603 604 1
604 605 1
604 606 1
605 607 1
606 607 1
607 608 1
607 609 1
608 610 1
609 610 1
610 611 1
610 612 1
611 613 1
612 613 1
613 614 1
613 615 1
614 616 1
615 616 1
616 617 1
616 618 1
617 619 1
618 619 1
619 620 1
619 621 1
620 622 1
621 622 1
622 623 1
622 624 1
623 625 1
624 625 1
625 626 1
625 627 1
626 628 1
627 628 1
628 629 1
628 630 1
629 631 1
630 631 1
631 632 1
631 633 1
632 634 1
633 634 1
634 635 1
634 636 1
635 637 1
636 637 1
637 638 1
637 639 1
638 640 1
639 640 1
640 641 1
640 642 1
641 643 1
642 643 1
643 644 1
643 645 1
644 646 1
645 646 1
646 647 1
646 648 1
647 649 1
648 649 1
649 650 1
649 651 1
650 652 1
651 652 1
652 653 1
652 654 1
653 655 1
654 655 1
655 656 1
655 657 1
656 658 1
657 658 1
658 659 1
658 660 1
659 661 1
660 661 1
661 662 1
661 663 1
662 664 1
663 664 1
664 665 1
664 666 1
665 667 1
666 667 1
667 668 1
667 669 1
668 670 1
669 670 1
670 671 1
670 672 1
671 673 1
672 673 1
673 674 1
673 675 1
674 676 1
675 676 1
676 677 1
676 678 1
677 679 1
678 679 1
679 680 1
679 681 1
680 682 1
681 682 1
682 683 1
682 684 1
683 685 1
684 685 1
685 686 1
685 687 1
686 688 1
687 688 1
688 689 1
688 690 1
689 691 1
690 691 1
691 692 1
691 693 1
692 694 1
693 694 1
694 695 1
694 696 1
695 697 1
696 697 1
697 698 1
697 699 1
698 700 1
699 700 1
700 701 1
700 702 1
701 703 1
702 703 1
703 704 1
703 705 1
704 706 1
705 706 1
706 707 1
706 708 1
707 709 1
708 709 1
709 710 1
709 711 1
710 712 1
711 712 1
712 713 1
712 714 1
713 715 1
714 715 1
715 716 1
715 717 1
716 718 1
717 718 1
718 719 1
718 720 1
719 721 1
720 721 1
721 722 1
721 723 1
722 724 1
723 724 1
724 725 1
724 726 1
725 727 1
726 727 1
727 728 1
727 729 1
728 730 1
729 730 1
730 731 1
730 732 1
731 733 1
732 733 1
733 734 1
733 735 1
734 736 1
735 736 1
736 737 1
736 738 1
737 739 1
738 739 1
739 740 1
739 741 1
740 742 1
741 742 1
742 743 1
742 744 1
743 745 1
744 745 1
745 746 1
745 747 1
746 748 1
747 748 1
748 749 1
748 750 1
749 751 1
750 751 1
751 752 1
751 753 1
752 754 1
753 754 1
754 755 1
754 756 1
755 757 1
756 757 1
757 758 1
757 759 1
758 760 1
759 760 1
760 761 1
760 762 1
761 763 1
762 763 1
763 764 1
763 765 1
764 766 1
765 766 1
766 767 1
766 768 1
767 769 1
768 769 1
769 770 1
769 771 1
770 772 1
771 772 1
772 773 1
772 774 1
773 775 1
774 775 1
775 776 1
775 777 1
776 778 1
777 778 1
778 779 1
778 780 1
779 781 1
780 781 1
781 782 1
781 783 1
782 784 1
783 784 1
784 785 1
784 786 1
785 787 1
786 787 1
787 788 1
787 789 1
788 790 1
789 790 1
790 791 1
790 792 1
791 793 1
792 793 1
793 794 1
793 795 1
794 796 1
795 796 1
796 797 1
796 798 1
797 799 1
798 799 1
799 800 1
799 801 1
800 802 1
801 802 1
802 803 1
802 804 1
803 805 1
804 805 1
805 806 1
805 807 1
806 808 1
807 808 1
808 809 1
808 810 1
809 811 1
810 811 1
811 812 1
811 813 1
812 814 1
813 814 1
814 815 1
814 816 1
815 817 1
816 817 1
817 818 1
817 819 1
818 820 1
819 820 1
820 821 1
820 822 1
821 823 1
822 823 1
823 824 1
823 825 1
824 826 1
825 826 1
826 827 1
826 828 1
827 829 1
828 829 1
829 830 1
829 831 1
830 832 1
831 832 1
832 833 1
832 834 1
833 835 1
834 835 1
835 836 1
835 837 1
836 838 1
837 838 1
838 839 1
838 840 1
839 841 1
840 841 1
841 842 1
841 843 1
842 844 1
843 844 1
844 845 1
844 846 1
845 847 1
846 847 1
847 848 1
847 849 1
848 850 1
849 850 1
850 851 1
850 852 1
851 853 1
852 853 1
853 854 1
853 855 1
854 856 1
855 856 1
856 857 1
856 858 1
857 859 1
858 859 1
859 860 1
859 861 1
860 862 1
861 862 1
862 863 1
862 864 1
863 865 1
864 865 1
865 866 1
865 867 1
866 868 1
867 868 1
868 869 1
868 870 1
869 871 1
870 871 1
871 872 1
871 873 1
872 874 1
873 874 1
874 875 1
874 876 1
875 877 1
876 877 1
877 878 1
877 879 1
878 880 1
879 880 1
880 881 1
880 882 1
881 883 1
882 883 1
883 884 1
883 885 1
884 886 1
885 886 1
886 887 1
886 888 1
887 889 1
888 889 1
889 890 1
889 891 1
890 892 1
891 892 1
892 893 1
892 894 1
893 895 1
894 895 1
895 896 1
895 897 1
896 898 1
897 898 1
898 899 1
898 900 1
899 901 1
900 901 1
901 902 1
901 903 1
902 904 1
903 904 1
904 905 1
904 906 1
905 907 1
906 907 1
907 908 1
907 909 1
908 910 1
909 910 1
910 911 1
910 912 1
911 913 1
912 913 1
913 914 1
913 915 1
914 916 1
915 916 1
916 917 1
916 918 1
917 919 1
918 919 1
919 920 1
919 921 1
920 922 1
921 922 1
922 923 1
922 924 1
923 925 1
924 925 1
925 926 1
925 927 1
926 928 1
927 928 1
928 929 1
928 930 1
929 931 1
930 931 1
931 932 1
931 933 1
932 934 1
933 934 1
934 935 1
934 936 1
935 937 1
936 937 1
937 938 1
937 939 1
938 940 1
939 940 1
940 941 1
940 942 1
941 943 1
942 943 1
943 944 1
943 945 1
944 946 1
945 946 1
946 947 1
946 948 1
947 949 1
948 949 1
949 950 1
949 951 1
950 952 1
951 952 1
952 953 1
952 954 1
953 955 1
954 955 1
955 956 1
955 957 1
956 958 1
957 958 1
958 959 1
958 960 1
959 961 1
960 961 1
961 962 1
961 963 1
962 964 1
963 964 1
964 965 1
964 966 1
965 967 1
966 967 1
967 968 1
967 969 1
968 970 1
969 970 1
970 971 1
970 972 1
971 973 1
972 973 1
973 974 1
973 975 1
974 976 1
975 976 1
976 977 1
976 978 1
977 979 1
978 979 1
979 980 1
979 981 1
980 982 1
981 982 1
982 983 1
982 984 1
983 985 1
984 985 1
985 986 1
985 987 1
986 988 1
987 988 1
988 989 1
988 990 1
989 991 1
990 991 1
991 992 1
991 993 1
992 994 1
993 994 1
994 995 1
994 996 1
995 997 1
996 997 1
997 998 1
997 999 1
998 1000 1
999 1000 1
1000 1001 1
1000 1002 1
1001 1003 1
1002 1003 1
1003 1004 1
1003 1005 1
1004 1006 1
1005 1006 1
1006 1007 1
1006 1008 1
1007 1009 1
1008 1009 1
1009 1010 1
1009 1011 1
1010 1012 1
1011 1012 1
1012 1013 1
1012 1014 1
1013 1015 1
1014 1015 1
1015 1016 1
1015 1017 1
1016 1018 1
1017 1018 1
1018 1019 1
1018 1020 1
1019 1021 1
1020 1021 1
1021 1022 1
1021 1023 1
1022 1024 1
1023 1024 1
1024 1025 1
1024 1026 1
1025 1027 1
1026 1027 1
1027 1028 1
1027 1029 1
1028 1030 1
1029 1030 1
1030 1031 1
1030 1032 1
1031 1033 1
1032 1033 1
1033 1034 1
1033 1035 1
1034 1036 1
1035 1036 1
1036 1037 1
1036 1038 1
1037 1039 1
1038 1039 1
1039 1040 1
1039 1041 1
1040 1042 1
1041 1042 1
1042 1043 1
1042 1044 1
1043 1045 1
1044 1045 1
1045 1046 1
1045 1047 1
1046 1048 1
1047 1048 1
1048 1049 1
1048 1050 1
1049 1051 1
1050 1051 1
1051 1052 1
1051 1053 1
1052 1054 1
1053 1054 1
1054 1055 1
1054 1056 1
1055 1057 1
1056 1057 1
1057 1058 1
1057 1059 1
1058 1060 1
1059 1060 1
1060 1061 1
1060 1062 1
1061 1063 1
1062 1063 1
1063 1064 1
1063 1065 1
1064 1066 1
1065 1066 1
1066 1067 1
1066 1068 1
1067 1069 1
1068 1069 1
1069 1070 1
1069 1071 1
1070 1072 1
1071 1072 1
1072 1073 1
1072 1074 1
1073 1075 1
1074 1075 1
1075 1076 1
1075 1077 1
1076 1078 1
1077 1078 1
1078 1079 1
1078 1080 1
1079 1081 1
1080 1081 1
1081 1082 1
1081 1083 1
1082 1084 1
1083 1084 1
1084 1085 1
1084 1086 1
1085 1087 1
1086 1087 1
1087 1088 1
1087 1089 1
1088 1090 1
1089 1090 1
1090 1091 1
1090 1092 1
1091 1093 1
1092 1093 1
1093 1094 1
1093 1095 1
1094 1096 1
1095 1096 1
1096 1097 1
1096 1098 1
1097 1099 1
1098 1099 1
1099 1100 1
1099 1101 1
1100 1102 1
1101 1102 1
1102 1103 1
1102 1104 1
1103 1105 1
1104 1105 1
1105 1106 1
1105 1107 1
1106 1108 1
1107 1108 1
1108 1109 1
1108 1110 1
1109 1111 1
1110 1111 1
1111 1112 1
1111 1113 1
1112 1114 1
1113 1114 1
1114 1115 1
1114 1116 1
1115 1117 1
1116 1117 1
1117 1118 1
1117 1119 1
1118 1120 1
1119 1120 1
1120 1121 1
1120 1122 1
1121 1123 1
1122 1123 1
1123 1124 1
1123 1125 1
1124 1126 1
1125 1126 1
1126 1127 1
1126 1128 1
1127 1129 1
1128 1129 1
1129 1130 1
1129 1131 1
1130 1132 1
1131 1132 1
1132 1133 1
1132 1134 1
1133 1135 1
1134 1135 1
1135 1136 1
1135 1137 1
1136 1138 1
1137 1138 1
1138 1139 1
1138 1140 1
1139 1141 1
1140 1141 1
1141 1142 1
1141 1143 1
1142 1144 1
1143 1144 1
1144 1145 1
1144 1146 1
1145 1147 1
1146 1147 1
1147 1148 1
1147 1149 1
1148 1150 1
1149 1150 1
1150 1151 1
1150 1152 1
1151 1153 1
1152 1153 1
1153 1154 1
1153 1155 1
1154 1156 1
1155 1156 1
1156 1157 1
1156 1158 1
1157 1159 1
1158 1159 1
1159 1160 1
1159 1161 1
1160 1162 1
1161 1162 1
1162 1163 1
1162 1164 1
1163 1165 1
1164 1165 1
1165 1166 1
1165 1167 1
1166 1168 1
1167 1168 1
1168 1169 1
1168 1170 1
1169 1171 1
1170 1171 1
1171 1172 1
1171 1173 1
1172 1174 1
1173 1174 1
1174 1175 1
1174 1176 1
1175 1177 1
1176 1177 1
1177 1178 1
1177 1179 1
1178 1180 1
1179 1180 1
1180 1181 1
1180 1182 1
1181 1183 1
1182 1183 1
1183 1184 1
1183 1185 1
1184 1186 1
1185 1186 1
1186 1187 1
1186 1188 1
1187 1189 1
1188 1189 1
1189 1190 1
1189 1191 1
1190 1192 1
1191 1192 1
1192 1193 1
1192 1194 1
1193 1195 1
1194 1195 1
1195 1196 1
1195 1197 1
1196 1198 1
1197 1198 1
1198 1199 1
1198 1200 1
1199 1201 1
1200 1201 1
1201 1202 1
1201 1203 1
1202 1204 1
1203 1204 1
1204 1205 1
1204 1206 1
1205 1207 1
1206 1207 1
1207 1208 1
1207 1209 1
1208 1210 1
1209 1210 1
1210 1211 1
1210 1212 1
1211 1213 1
1212 1213 1
1213 1214 1
1213 1215 1
1214 1216 1
1215 1216 1
1216 1217 1
1216 1218 1
1217 1219 1
1218 1219 1
1219 1220 1
1219 1221 1
1220 1222 1
1221 1222 1
1222 1223 1
1222 1224 1
1223 1225 1
1224 1225 1
1225 1226 1
1225 1227 1
1226 1228 1
1227 1228 1
1228 1229 1
1228 1230 1
1229 1231 1
1230 1231 1
1231 1232 1
1231 1233 1
1232 1234 1
1233 1234 1
1234 1235 1
1234 1236 1
1235 1237 1
1236 1237 1
1237 1238 1
1237 1239 1
1238 1240 1
1239 1240 1
1240 1241 1
1240 1242 1
1241 1243 1
1242 1243 1
1243 1244 1
1243 1245 1
1244 1246 1
1245 1246 1
1246 1247 1
1246 1248 1
1247 1249 1
1248 1249 1
1249 1250 1
1249 1251 1
1250 1252 1
1251 1252 1
1252 1253 1
1252 1254 1
1253 1255 1
1254 1255 1
1255 1256 1
1255 1257 1
1256 1258 1
1257 1258 1
1258 1259 1
1258 1260 1
1259 1261 1
1260 1261 1
1261 1262 1
1261 1263 1
1262 1264 1
1263 1264 1
1264 1265 1
1264 1266 1
1265 1267 1
1266 1267 1
1267 1268 1
1267 1269 1
1268 1270 1
1269 1270 1
1270 1271 1
1270 1272 1
1271 1273 1
1272 1273 1
1273 1274 1
1273 1275 1
1274 1276 1
1275 1276 1
1276 1277 1
1276 1278 1
1277 1279 1
1278 1279 1
1279 1280 1
1279 1281 1
1280 1282 1
1281 1282 1
1282 1283 1
1282 1284 1
1283 1285 1
1284 1285 1
1285 1286 1
1285 1287 1
1286 1288 1
1287 1288 1
1288 1289 1
1288 1290 1
1289 1291 1
1290 1291 1
1291 1292 1
1291 1293 1
1292 1294 1
1293 1294 1
1294 1295 1
1294 1296 1
1295 1297 1
1296 1297 1
1297 1298 1
1297 1299 1
1298 1300 1
1299 1300 1
1300 1301 1
1300 1302 1
1301 1303 1
1302 1303 1
1303 1304 1
1303 1305 1
1304 1306 1
1305 1306 1
1306 1307 1
1306 1308 1
1307 1309 1
1308 1309 1
1309 1310 1
1309 1311 1
1310 1312 1
1311 1312 1
1312 1313 1
1312 1314 1
1313 1315 1
1314 1315 1
1315 1316 1
1315 1317 1
1316 1318 1
1317 1318 1
1318 1319 1
1318 1320 1
1319 1321 1
1320 1321 1
1321 1322 1
1321 1323 1
1322 1324 1
1323 1324 1
1324 1325 1
1324 1326 1
1325 1327 1
1326 1327 1
1327 1328 1
1327 1329 1
1328 1330 1
1329 1330 1
1330 1331 1
1330 1332 1
1331 1333 1
1332 1333 1
1333 1334 1
1333 1335 1
1334 1336 1
1335 1336 1
1336 1337 1
1336 1338 1
1337 1339 1
1338 1339 1
1339 1340 1
1339 1341 1
1340 1342 1
1341 1342 1
1342 1343 1
1342 1344 1
1343 1345 1
1344 1345 1
1345 1346 1
1345 1347 1
1346 1348 1
1347 1348 1
1348 1349 1
1348 1350 1
1349 1351 1
1350 1351 1
1351 1352 1
1351 1353 1
1352 1354 1
1353 1354 1
1354 1355 1
1354 1356 1
1355 1357 1
1356 1357 1
1357 1358 1
1357 1359 1
1358 1360 1
1359 1360 1
1360 1361 1
1360 1362 1
1361 1363 1
1362 1363 1
1363 1364 1
1363 1365 1
1364 1366 1
1365 1366 1
1366 1367 1
1366 1368 1
1367 1369 1
1368 1369 1
1369 1370 1
1369 1371 1
1370 1372 1
1371 1372 1
1372 1373 1
1372 1374 1
1373 1375 1
1374 1375 1
1375 1376 1
1375 1377 1
1376 1378 1
1377 1378 1
1378 1379 1
1378 1380 1
1379 1381 1
1380 1381 1
1381 1382 1
1381 1383 1
1382 1384 1
1383 1384 1
1384 1385 1
1384 1386 1
1385 1387 1
1386 1387 1
1387 1388 1
1387 1389 1
1388 1390 1
1389 1390 1
1390 1391 1
1390 1392 1
1391 1393 1
1392 1393 1
1393 1394 1
1393 1395 1
1394 1396 1
1395 1396 1
1396 1397 1
1396 1398 1
1397 1399 1
1398 1399 1
1399 1400 1
1399 1401 1
1400 1402 1
1401 1402 1
1402 1403 1
1402 1404 1
1403 1405 1
1404 1405 1
1405 1406 1
1405 1407 1
1406 1408 1
1407 1408 1
1408 1409 1
1408 1410 1
1409 1411 1
1410 1411 1
1411 1412 1
1411 1413 1
1412 1414 1
1413 1414 1
1414 1415 1
1414 1416 1
1415 1417 1
1416 1417 1
1417 1418 1
1417 1419 1
1418 1420 1
1419 1420 1
1420 1421 1
1420 1422 1
1421 1423 1
1422 1423 1
1423 1424 1
1423 1425 1
1424 1426 1
1425 1426 1
1426 1427 1
1426 1428 1
1427 1429 1
1428 1429 1
1429 1430 1
1429 1431 1
1430 1432 1
1431 1432 1
1432 1433 1
1432 1434 1
1433 1435 1
1434 1435 1
1435 1436 1
1435 1437 1
1436 1438 1
1437 1438 1
1438 1439 1
1438 1440 1
1439 1441 1
1440 1441 1
1441 1442 1
1441 1443 1
1442 1444 1
1443 1444 1
1444 1445 1
1444 1446 1
1445 1447 1
1446 1447 1
1447 1448 1
1447 1449 1
1448 1450 1
1449 1450 1
1450 1451 1
1450 1452 1
1451 1453 1
1452 1453 1
1453 1454 1
1453 1455 1
1454 1456 1
1455 1456 1
1456 1457 1
1456 1458 1
1457 1459 1
1458 1459 1
1459 1460 1
1459 1461 1
1460 1462 1
1461 1462 1
1462 1463 1
1462 1464 1
1463 1465 1
1464 1465 1
1465 1466 1
1465 1467 1
1466 1468 1
1467 1468 1
1468 1469 1
1468 1470 1
1469 1471 1
1470 1471 1
1471 1472 1
1471 1473 1
1472 1474 1
1473 1474 1
1474 1475 1
1474 1476 1
1475 1477 1
1476 1477 1
1477 1478 1
1477 1479 1
1478 1480 1
1479 1480 1
1480 1481 1
1480 1482 1
1481 1483 1
1482 1483 1
1483 1484 1
1483 1485 1
1484 1486 1
1485 1486 1
1486 1487 1
1486 1488 1
1487 1489 1
1488 1489 1
1489 1490 1
1489 1491 1
1490 1492 1
1491 1492 1
1492 1493 1
1492 1494 1
1493 1495 1
1494 1495 1
1495 1496 1
1495 1497 1
1496 1498 1
1497 1498 1
1498 1499 1
1498 1500 1
1499 1501 1
1500 1501 1
1501 1502 1
1501 1503 1
1502 1504 1
1503 1504 1
1504 1505 1
1504 1506 1
1505 1507 1
1506 1507 1
1507 1508 1
1507 1509 1
1508 1510 1
1509 1510 1
1510 1511 1
1510 1512 1
1511 1513 1
1512 1513 1
1513 1514 1
1513 1515 1
1514 1516 1
1515 1516 1
1516 1517 1
1516 1518 1
1517 1519 1
1518 1519 1
1519 1520 1
1519 1521 1
1520 1522 1
1521 1522 1
1522 1523 1
1522 1524 1
1523 1525 1
1524 1525 1
1525 1526 1
1525 1527 1
1526 1528 1
1527 1528 1
1528 1529 1
1528 1530 1
1529 1531 1
1530 1531 1
1531 1532 1
1531 1533 1
1532 1534 1
1533 1534 1
1534 1535 1
1534 1536 1
1535 1537 1
1536 1537 1
1537 1538 1
1537 1539 1
1538 1540 1
1539 1540 1
1540 1541 1
1540 1542 1
1541 1543 1
1542 1543 1
1543 1544 1
1543 1545 1
1544 1546 1
1545 1546 1
1546 1547 1
1546 1548 1
1547 1549 1
1548 1549 1
1549 1550 1
1549 1551 1
1550 1552 1
1551 1552 1
1552 1553 1
1552 1554 1
1553 1555 1
1554 1555 1
1555 1556 1
1555 1557 1
1556 1558 1
1557 1558 1
1558 1559 1
1558 1560 1
1559 1561 1
1560 1561 1
1561 1562 1
1561 1563 1
1562 1564 1
1563 1564 1
1564 1565 1
1564 1566 1
1565 1567 1
1566 1567 1
1567 1568 1
1567 1569 1
1568 1570 1
1569 1570 1
1570 1571 1
1570 1572 1
1571 1573 1
1572 1573 1
1573 1574 1
1573 1575 1
1574 1576 1
1575 1576 1
1576 1577 1
1576 1578 1
1577 1579 1
1578 1579 1
1579 1580 1
1579 1581 1
1580 1582 1
1581 1582 1
1582 1583 1
1582 1584 1
1583 1585 1
1584 1585 1
1585 1586 1
1585 1587 1
1586 1588 1
1587 1588 1
1588 1589 1
1588 1590 1
1589 1591 1
1590 1591 1
1591 1592 1
1591 1593 1
1592 1594 1
1593 1594 1
1594 1595 1
1594 1596 1
1595 1597 1
1596 1597 1
1597 1598 1
1597 1599 1
1598 1600 1
1599 1600 1
1600 1601 1
1600 1602 1
1601 1603 1
1602 1603 1
1603 1604 1
1603 1605 1
1604 1606 1
1605 1606 1
1606 1607 1
1606 1608 1
1607 1609 1
1608 1609 1
1609 1610 1
1609 1611 1
1610 1612 1
1611 1612 1
1612 1613 1
1612 1614 1
1613 1615 1
1614 1615 1
1615 1616 1
1615 1617 1
1616 1618 1
1617 1618 1
1618 1619 1
1618 1620 1
1619 1621 1
1620 1621 1
1621 1622 1
1621 1623 1
1622 1624 1
1623 1624 1
1624 1625 1
1624 1626 1
1625 1627 1
1626 1627 1
1627 1628 1
1627 1629 1
1628 1630 1
1629 1630 1
1630 1631 1
1630 1632 1
1631 1633 1
1632 1633 1
1633 1634 1
1633 1635 1
1634 1636 1
1635 1636 1
1636 1637 1
1636 1638 1
1637 1639 1
1638 1639 1
1639 1640 1
1639 1641 1
1640 1642 1
1641 1642 1
1642 1643 1
1642 1644 1
1643 1645 1
1644 1645 1
1645 1646 1
1645 1647 1
1646 1648 1
1647 1648 1
1648 1649 1
1648 1650 1
1649 1651 1
1650 1651 1
1651 1652 1
1651 1653 1
1652 1654 1
1653 1654 1
1654 1655 1
1654 1656 1
1655 1657 1
1656 1657 1
1657 1658 1
1657 1659 1
1658 1660 1
1659 1660 1
1660 1661 1
1660 1662 1
1661 1663 1
1662 1663 1
1663 1664 1
1663 1665 1
1664 1666 1
1665 1666 1
1666 1667 1
1666 1668 1
1667 1669 1
1668 1669 1
1669 1670 1
1669 1671 1
1670 1672 1
1671 1672 1
1672 1673 1
1672 1674 1
1673 1675 1
1674 1675 1
1675 1676 1
1675 1677 1
1676 1678 1
1677 1678 1
1678 1679 1
1678 1680 1
1679 1681 1
1680 1681 1
1681 1682 1
1681 1683 1
1682 1684 1
1683 1684 1
1684 1685 1
1684 1686 1
1685 1687 1
1686 1687 1
1687 1688 1
1687 1689 1
1688 1690 1
1689 1690 1
1690 1691 1
1690 1692 1
1691 1693 1
1692 1693 1
1693 1694 1
1693 1695 1
1694 1696 1
1695 1696 1
1696 1697 1
1696 1698 1
1697 1699 1
1698 1699 1
1699 1700 1
1699 1701 1
1700 1702 1
1701 1702 1
1702 1703 1
1702 1704 1
1703 1705 1
1704 1705 1
1705 1706 1
1705 1707 1
1706 1708 1
1707 1708 1
1708 1709 1
1708 1710 1
1709 1711 1
1710 1711 1
1711 1712 1
1711 1713 1
1712 1714 1
1713 1714 1
1714 1715 1
1714 1716 1
1715 1717 1
1716 1717 1
1717 1718 1
1717 1719 1
1718 1720 1
1719 1720 1
1720 1721 1
1720 1722 1
1721 1723 1
1722 1723 1
1723 1724 1
1723 1725 1
1724 1726 1
1725 1726 1
1726 1727 1
1726 1728 1
1727 1729 1
1728 1729 1
1729 1730 1
1729 1731 1
1730 1732 1
1731 1732 1
1732 1733 1
1732 1734 1
1733 1735 1
1734 1735 1
1735 1736 1
1735 1737 1
1736 1738 1
1737 1738 1
1738 1739 1
1738 1740 1
1739 1741 1
1740 1741 1
1741 1742 1
1741 1743 1
1742 1744 1
1743 1744 1
1744 1745 1
1744 1746 1
1745 1747 1
1746 1747 1
1747 1748 1
1747 1749 1
1748 1750 1
1749 1750 1
1750 1751 1
1750 1752 1
1751 1753 1
1752 1753 1
1753 1754 1
1753 1755 1
1754 1756 1
1755 1756 1
1756 1757 1
1756 1758 1
1757 1759 1
1758 1759 1
1759 1760 1
1759 1761 1
1760 1762 1
1761 1762 1
1762 1763 1
1762 1764 1
1763 1765 1
1764 1765 1
1765 1766 1
1765 1767 1
1766 1768 1
1767 1768 1
1768 1769 1
1768 1770 1
1769 1771 1
1770 1771 1
1771 1772 1
1771 1773 1
1772 1774 1
1773 1774 1
1774 1775 1
1774 1776 1
1775 1777 1
1776 1777 1
1777 1778 1
1777 1779 1
1778 1780 1
1779 1780 1
1780 1781 1
1780 1782 1
1781 1783 1
1782 1783 1
1783 1784 1
1783 1785 1
1784 1786 1
1785 1786 1
1786 1787 1
1786 1788 1
1787 1789 1
1788 1789 1
1789 1790 1
1789 1791 1
1790 1792 1
1791 1792 1
1792 1793 1
1792 1794 1
1793 1795 1
1794 1795 1
1795 1796 1
1795 1797 1
1796 1798 1
1797 1798 1
1798 1799 1
1798 1800 1
1799 1801 1
1800 1801 1
1801 1802 1
1801 1803 1
1802 1804 1
1803 1804 1
1804 1805 1
1804 1806 1
1805 1807 1
1806 1807 1
1807 1808 1
1807 1809 1
1808 1810 1
1809 1810 1
1810 1811 1
1810 1812 1
1811 1813 1
1812 1813 1
1813 1814 1
1813 1815 1
1814 1816 1
1815 1816 1
1816 1817 1
1816 1818 1
1817 1819 1
1818 1819 1
1819 1820 1
1819 1821 1
1820 1822 1
1821 1822 1
1822 1823 1
1822 1824 1
1823 1825 1
1824 1825 1
1825 1826 1
1825 1827 1
1826 1828 1
1827 1828 1
1828 1829 1
1828 1830 1
1829 1831 1
1830 1831 1
1831 1832 1
1831 1833 1
1832 1834 1
1833 1834 1
1834 1835 1
1834 1836 1
1835 1837 1
1836 1837 1
1837 1838 1
1837 1839 1
1838 1840 1
1839 1840 1
1840 1841 1
1840 1842 1
1841 1843 1
1842 1843 1
1843 1844 1
1843 1845 1
1844 1846 1
1845 1846 1
1846 1847 1
1846 1848 1
1847 1849 1
1848 1849 1
1849 1850 1
1849 1851 1
1850 1852 1
1851 1852 1
1852 1853 1
1852 1854 1
1853 1855 1
1854 1855 1
1855 1856 1
1855 1857 1
1856 1858 1
1857 1858 1
1858 1859 1
1858 1860 1
1859 1861 1
1860 1861 1
1861 1862 1
1861 1863 1
1862 1864 1
1863 1864 1
1864 1865 1
1864 1866 1
1865 1867 1
1866 1867 1
1867 1868 1
1867 1869 1
1868 1870 1
1869 1870 1
1870 1871 1
1870 1872 1
1871 1873 1
1872 1873 1
1873 1874 1
1873 1875 1
1874 1876 1
1875 1876 1
1876 1877 1
1876 1878 1
1877 1879 1
1878 1879 1
1879 1880 1
1879 1881 1
1880 1882 1
1881 1882 1
1882 1883 1
1882 1884 1
1883 1885 1
1884 1885 1
1885 1886 1
1885 1887 1
1886 1888 1
1887 1888 1
1888 1889 1
1888 1890 1
1889 1891 1
1890 1891 1
1891 1892 1
1891 1893 1
1892 1894 1
1893 1894 1
1894 1895 1
1894 1896 1
1895 1897 1
1896 1897 1
1897 1898 1
1897 1899 1
1898 1900 1
1899 1900 1
1900 1901 1
1900 1902 1
1901 1903 1
1902 1903 1
1903 1904 1
1903 1905 1
1904 1906 1
1905 1906 1
1906 1907 1
1906 1908 1
1907 1909 1
1908 1909 1
1909 1910 1
1909 1911 1
1910 1912 1
1911 1912 1
1912 1913 1
1912 1914 1
1913 1915 1
1914 1915 1
1915 1916 1
1915 1917 1
1916 1918 1
1917 1918 1
1918 1919 1
1918 1920 1
1919 1921 1
1920 1921 1
1921 1922 1
1921 1923 1
1922 1924 1
1923 1924 1
1924 1925 1
1924 1926 1
1925 1927 1
1926 1927 1
1927 1928 1
1927 1929 1
1928 1930 1
1929 1930 1
1930 1931 1
1930 1932 1
1931 1933 1
1932 1933 1
1933 1934 1
1933 1935 1
1934 1936 1
1935 1936 1
1936 1937 1
1936 1938 1
1937 1939 1
1938 1939 1
1939 1940 1
1939 1941 1
1940 1942 1
1941 1942 1
1942 1943 1
1942 1944 1
1943 1945 1
1944 1945 1
1945 1946 1
1945 1947 1
1946 1948 1
1947 1948 1
1948 1949 1
1948 1950 1
1949 1951 1
1950 1951 1
1951 1952 1
1951 1953 1
1952 1954 1
1953 1954 1
1954 1955 1
1954 1956 1
1955 1957 1
1956 1957 1
1957 1958 1
1957 1959 1
1958 1960 1
1959 1960 1
1960 1961 1
1960 1962 1
1961 1963 1
1962 1963 1
1963 1964 1
1963 1965 1
1964 1966 1
1965 1966 1
1966 1967 1
1966 1968 1
1967 1969 1
1968 1969 1
1969 1970 1
1969 1971 1
1970 1972 1
1971 1972 1
1972 1973 1
1972 1974 1
1973 1975 1
1974 1975 1
1975 1976 1
1975 1977 1
1976 1978 1
1977 1978 1
1978 1979 1
1978 1980 1
1979 1981 1
1980 1981 1
1981 1982 1
1981 1983 1
1982 1984 1
1983 1984 1
1984 1985 1
1984 1986 1
1985 1987 1
1986 1987 1
1987 1988 1
1987 1989 1
1988 1990 1
1989 1990 1
1990 1991 1
1990 1992 1
1991 1993 1
1992 1993 1
1993 1994 1
1993 1995 1
1994 1996 1
1995 1996 1
1996 1997 1
1996 1998 1
1997 1999 1
1998 1999 1
2
3
4
5
1999